170418 0835 0007 7    9    801 02                       915370               332                

170418 0837 0017 7    9    801 03                       915339               332                

170418 0838 0002 7    9    801 04                       975370               332                

170418 0841 0001 7         801 02                       985473               310                

170418 0843 0014 7         801 03                       985473               310                

170418 0847 0084 7    9    801 01                       915370               332                

170418 0912 0011 A  807        01                                            304                

170418 0915 0001 7    9    801 04                       915370               332                

170418 0958 0054 7         801 01                       985554               310                

170418 1013 0003 9                   895 01                301                                  

170418 1018 0007 7         801 02                       985462               327                

170418 1023 0017 7    9    801 03                       915370               332                

170418 1053 0004 7         801 04                       985579               304                

170418 1100 0004 7    9    801 01                       915317               321                

170418 1101 0004 7    9    801 03                       915317               321                

170418 1101 0009 7         801 02                       985579               304                

170418 1101 0001 7    9    801 04                       915360               321                

170418 1102 0001 7         801 01                       985579               304                

170418 1105 0001 7         801 03                       985579               304                

170418 1107 0009 A  807        01                                            339                

170418 1108 0000 A  805        01                                           7758                

170418 1108 0007 A  807        01                                            339                

170418 1108 0000 A  805        01                                           7758                

170418 1109 0005 A  807        01                                            304                

170418 1112 0009 A  808        01                                            304                

170418 1114 0001 7         801 04                       985579               304                

170418 1115 0001 7         801 01                       985579               304                

170418 1115 0001 7         801 03                       985577               304                

170418 1115 0032 9                   809 01                300                                  

170418 1116 0005 7         801 04                       985587               304                

170418 1116 0000 7         801 01                       986579               304                

170418 1117 0001 7         801 03                       986579               304                

170418 1117 0000 7         801 04                       986579               304                

170418 1117 0001 7         801 01                       985579               304                

170418 1117 0141 7    9    801 02                       915370               332                

170418 1118 0001 7         801 03                       986579               304                

170418 1118 0001 7         801 04                       986579               304                

170418 1118 0000 7         801 01                       986578               304                

170418 1118 0001 7         801 02                       986579               304                

170418 1119 0001 7         801 03                       985579               304                

170418 1119 0000 7         801 04                       986579               304                

170418 1120 0001 7         801 01                       986579               304                

170418 1120 0001 7         801 02                       986579               304                

170418 1121 0001 7         801 03                       985579               304                

170418 1121 0001 7         801 04                       986579               304                

170418 1122 0001 7         801 01                       985579               304                

170418 1122 0001 7         801 02                       986579               304                

170418 1123 0001 7         801 03                       985579               304                

170418 1124 0001 7         801 04                       985579               304                

170418 1124 0000 7         801 01                       986579               304                

170418 1125 0003 7         801 02                       985587               304                

170418 1128 0031 9                   801 03                304                                  

170418 1130 0002 7         801 03                       986579               304                

170418 1158 0016 9                   801 04                348                                  

170418 1215 0005 7         801 04                       985553               303                

170418 1216 0004 7         801 01                       985656               303                

170418 1219 0012 9                   801 03                313                                  

170418 1220 0034 7         801 02                       985667               303                

170418 1225 0003 9                   801 04                311                                  

170418 1235 0065 7         801 03                       985462               327                

170418 1302 0004 7    1    802 01                    992846601               306   9812287      

170418 1306 0028 7    1    802 01                    992846601               306   9812287      

170418 1320 0077 7    9    801 04                       915370               332                

170418 1423 0008 7         801 02                       985331               318                

170418 1426 0016 7         801 03                       985686               318                

170418 1444 0017 7    9    801 04                       915367               361                

170418 1503 0038 7    9    801 01                       915370               332                

170418 1547 0103 7    9    801 02                       915370               332                

170418 1609 0013 7    9    801 03                       915325               334                

170418 1629 0023 7    9    801 04                       915370               332                

170418 1703 0012 A  808        01                                            314                

170418 1704 0011 A  808        01                                            314                

170418 1800 0049 7    9    801 01                       915370               332                

170418 1911 0021 7    1    802 01                    992846601               306   9812287      

170418 2030 0036 7    9    801 02                       915370               332                

00:00 18/04

